[image]

width
640

height
360

[narrow_stereo/left]

camera matrix
336.299617 0.000000 318.836251
0.000000 334.083386 184.719564
0.000000 0.000000 1.000000

distortion
0.010086 -0.008420 0.002818 -0.002782 0.000000

rectification
0.999136 -0.002787 -0.041476
0.003061 0.999974 0.006531
0.041457 -0.006653 0.999118

projection
362.599009 0.000000 342.321503 0.000000
0.000000 362.599009 182.402559 0.000000
0.000000 0.000000 1.000000 0.000000
# oST version 5.0 parameters


[image]

width
640

height
360

[narrow_stereo/right]

camera matrix
339.599743 0.000000 321.514839
0.000000 338.457535 179.227988
0.000000 0.000000 1.000000

distortion
0.018044 0.007820 -0.001853 -0.001067 0.000000

rectification
0.999381 -0.002508 -0.035083
0.002277 0.999975 -0.006634
0.035099 0.006550 0.999362

projection
362.599009 0.000000 342.321503 -36.065754
0.000000 362.599009 182.402559 0.000000
0.000000 0.000000 1.000000 0.000000

^[[24~


